CAM v1.0 based on UCI v6.4a [ref-J(4/06b) JPL06+irHNO4+IUPAC/NO2/VOC+Blitz+flux2006+misc 
NW-JValues   75   78   18    1   18 NJVAL,NQQQ,NWWW >>>NW1:NW2 not used v6.4
w-eff (nm)      187.      191.      193.      196.      202.      208.
                211.      214.      261.      267.      277.      295.
                303.      310.      316.      333.      380.      574.
SOL#/cm2/s 1.391E+12 1.627E+12 1.664E+12 9.278E+11 7.842E+12 4.680E+12
           9.918E+12 1.219E+13 6.364E+14 4.049E+14 3.150E+14 5.889E+14
           7.678E+14 5.045E+14 8.902E+14 3.853E+15 1.547E+16 2.131E+17
Raylay cm2 5.073E-25 4.479E-25 4.196E-25 3.906E-25 3.355E-25 2.929E-25
           2.736E-25 2.581E-25 1.049E-25 9.492E-26 8.103E-26 6.131E-26
           5.422E-26 4.923E-26 4.514E-26 3.643E-26 2.087E-26 3.848E-27
jo2    180 1.727E-21 1.989E-22 3.004E-23 9.833E-24 7.306E-24 6.827E-24  
           6.238E-24 5.748E-24 1.153E-25 5.030E-25 4.150E-25 0.000E+00 
           0.000E+00 0.000E+00 0.000E+00 0.000E+00 0.000E+00 0.000E+00
jo2    260 2.273E-21 3.070E-22 4.943E-23 1.408E-23 7.688E-24 6.827E-24  
           6.238E-24 5.888E-24 1.153E-25 5.030E-25 4.150E-25 0.000E+00
           0.000E+00 0.000E+00 0.000E+00 0.000E+00 0.000E+00 0.000E+00
jo2    300 2.763E-21 4.269E-22 7.478E-23 2.100E-23 8.350E-24 6.827E-24  
           6.238E-24 5.994E-24 1.153E-25 5.030E-25 4.150E-25 0.000E+00
           0.000E+00 0.000E+00 0.000E+00 0.000E+00 0.000E+00 0.000E+00
jo3b   218 5.989E-19 4.856E-19 4.307E-19 3.653E-19 3.410E-19 4.849E-19
           6.534E-19 9.320E-19 8.759E-18 3.511E-18 1.508E-18 7.924E-19
           2.456E-19 8.902E-20 3.659E-20 4.539E-21 6.165E-23 1.666E-21 
jo3b   258 5.991E-19 4.860E-19 4.314E-19 3.666E-19 3.422E-19 4.844E-19 
           6.518E-19 9.299E-19 8.832E-18 3.565E-18 1.548E-18 8.272E-19 
           2.623E-19 9.770E-20 4.156E-20 5.554E-21 6.165E-23 1.666E-21
jo3b   298 5.992E-19 4.863E-19 4.321E-19 3.678E-19 3.432E-19 4.840E-19 
           6.504E-19 9.279E-19 8.899E-18 3.615E-18 1.585E-18 8.594E-19
           2.778E-19 1.057E-19 4.615E-20 6.493E-21 6.165E-23 1.666E-21
jo3a   218 4.897E-01 5.074E-01 5.268E-01 5.649E-01 6.557E-01 7.358E-01 
           7.768E-01 8.169E-01 9.000E-01 9.000E-01 8.984E-01 9.000E-01 
           8.945E-01 4.680E-01 1.018E-01 7.764E-02 0.000E+00 0.000E+00 
jo3a   258 4.897E-01 5.074E-01 5.270E-01 5.650E-01 6.556E-01 7.358E-01 
           7.768E-01 8.168E-01 9.000E-01 9.000E-01 8.985E-01 9.000E-01
           8.951E-01 5.024E-01 1.438E-01 8.392E-02 0.000E+00 0.000E+00 
jo3a   298 4.897E-01 5.075E-01 5.271E-01 5.651E-01 6.556E-01 7.358E-01  
           7.768E-01 8.168E-01 9.000E-01 9.000E-01 8.985E-01 9.000E-01
           8.966E-01 5.647E-01 2.300E-01 9.686E-02 0.000E+00 0.000E+00
jo2b   297 0.000E+00 0.000E+00 0.000E+00 0.000E+00 0.000E+00 0.000E+00
           0.000E+00 0.000E+00 0.000E+00 0.000E+00 0.000E+00 0.000E+00
           0.000E+00 0.000E+00 0.000E+00 0.000E+00 0.000E+00 0.000E+00
jo2b   300 0.000E+00 0.000E+00 0.000E+00 0.000E+00 0.000E+00 0.000E+00
           0.000E+00 0.000E+00 0.000E+00 0.000E+00 0.000E+00 0.000E+00
           0.000E+00 0.000E+00 0.000E+00 0.000E+00 0.000E+00 0.000E+00
jno    298 6.054E-19 6.936E-19 3.475E-19 0.000E+00 0.000E+00 0.000E+00
           0.000E+00 8.892E-21 0.000E+00 0.000E+00 0.000E+00 0.000E+00
           0.000E+00 0.000E+00 0.000E+00 0.000E+00 0.000E+00 0.000E+00 
jno    298 6.054E-19 6.936E-19 3.475E-19 0.000E+00 0.000E+00 0.000E+00
           0.000E+00 8.892E-21 0.000E+00 0.000E+00 0.000E+00 0.000E+00
           0.000E+00 0.000E+00 0.000E+00 0.000E+00 0.000E+00 0.000E+00 
jno2   220 0.000E+00 0.000E+00 5.112E-21 0.000E+00 1.845E-19 3.942E-19
           4.317E-19 4.464E-19 3.127E-20 1.011E-19 1.155E-19 1.053E-19
           1.476E-19 1.878E-19 2.280E-19 3.257E-19 4.420E-19 1.968E-22
jno2   298 0.000E+00 0.000E+00 5.040E-21 0.000E+00 1.828E-19 4.053E-19
           4.544E-19 4.748E-19 3.376E-20 1.042E-19 1.171E-19 1.052E-19
           1.493E-19 1.885E-19 2.281E-19 3.455E-19 4.612E-19 3.691E-22
jno3a  190 0.000E+00 0.000E+00 0.000E+00 0.000E+00 0.000E+00 0.000E+00
           0.000E+00 0.000E+00 0.000E+00 0.000E+00 0.000E+00 0.000E+00
           0.000E+00 0.000E+00 0.000E+00 0.000E+00 0.000E+00 1.009E-19
jno3a  298 0.000E+00 0.000E+00 0.000E+00 0.000E+00 0.000E+00 0.000E+00
           0.000E+00 0.000E+00 0.000E+00 0.000E+00 0.000E+00 0.000E+00
           0.000E+00 0.000E+00 0.000E+00 0.000E+00 0.000E+00 9.796E-20
jno3b  190 0.000E+00 0.000E+00 0.000E+00 0.000E+00 0.000E+00 0.000E+00
           0.000E+00 0.000E+00 0.000E+00 0.000E+00 0.000E+00 0.000E+00
           0.000E+00 0.000E+00 0.000E+00 0.000E+00 4.095E-21 7.099E-19
jno3b  298 0.000E+00 0.000E+00 0.000E+00 0.000E+00 0.000E+00 0.000E+00
           0.000E+00 0.000E+00 0.000E+00 0.000E+00 0.000E+00 0.000E+00
           0.000E+00 0.000E+00 0.000E+00 0.000E+00 4.095E-21 7.835E-19
jn2o5  225 0.000E+00 0.000E+00 7.943E-19 6.872E-19 7.111E-18 6.566E-18
           5.183E-18 3.985E-18 2.695E-19 2.794E-19 2.822E-19 3.823E-20
           1.998E-20 1.170E-20 7.246E-21 2.286E-21 1.173E-22 0.000E+00
jn2o5  300 0.000E+00 0.000E+00 7.943E-19 6.872E-19 7.111E-18 6.566E-18
           5.183E-18 3.985E-18 2.695E-19 2.843E-19 2.968E-19 5.404E-20
           3.317E-20 2.226E-20 1.551E-20 6.389E-21 5.481E-22 0.000E+00
jhono  297 0.000E+00 0.000E+00 0.000E+00 0.000E+00 0.000E+00 0.000E+00
           0.000E+00 0.000E+00 0.000E+00 0.000E+00 0.000E+00 0.000E+00
           0.000E+00 1.175E-20 3.470E-20 1.093E-19 8.764E-20 0.000E+00
jhono  298 0.000E+00 0.000E+00 0.000E+00 0.000E+00 0.000E+00 0.000E+00
           0.000E+00 0.000E+00 0.000E+00 0.000E+00 0.000E+00 0.000E+00
           0.000E+00 1.175E-20 3.470E-20 1.093E-19 8.764E-20 0.000E+00
jhono2 200 7.671E-18 1.061E-17 1.043E-17 8.241E-18 3.790E-18 1.301E-18
           6.914E-19 5.036E-19 1.629E-20 1.796E-20 1.854E-20 3.396E-21
           1.377E-21 5.474E-22 2.100E-22 2.131E-23 8.822E-26 0.000E+00
jhono2 300 7.781E-18 1.091E-17 1.090E-17 9.123E-18 4.474E-18 1.565E-18
           8.458E-19 5.886E-19 1.875E-20 2.165E-20 2.305E-20 4.384E-21
           1.923E-21 8.345E-22 3.586E-22 4.720E-23 2.683E-25 0.000E+00
jhno3  200 7.671E-18 1.061E-17 1.043E-17 8.241E-18 3.790E-18 1.301E-18
           6.914E-19 5.036E-19 1.629E-20 1.796E-20 1.854E-20 3.396E-21
           1.377E-21 5.474E-22 2.100E-22 2.131E-23 8.822E-26 0.000E+00
jhno3  300 7.781E-18 1.091E-17 1.090E-17 9.123E-18 4.474E-18 1.565E-18
           8.458E-19 5.886E-19 1.875E-20 2.165E-20 2.305E-20 4.384E-21
           1.923E-21 8.345E-22 3.586E-22 4.720E-23 2.683E-25 0.000E+00
jpna   200 2.711E-18 5.341E-18 6.060E-18 7.479E-18 4.745E-18 2.854E-18
           2.217E-18 1.842E-18 2.800E-19 2.208E-19 1.536E-19 2.685E-20
           1.171E-20 5.682E-21 3.102E-21 8.269E-22 1.108E-23 4.792E-23
jpna   300 2.711E-18 5.341E-18 6.060E-18 7.479E-18 4.745E-18 2.854E-18
           2.217E-18 1.842E-18 2.800E-19 2.208E-19 1.536E-19 2.685E-20
           1.171E-20 5.682E-21 3.102E-21 8.269E-22 1.108E-23 4.792E-23
jpna33 297 9.037E-19 1.780E-18 1.981E-18 2.493E-18 1.135E-18 5.708E-19
           4.434E-19 3.834E-19 5.600E-20 4.416E-20 2.916E-20 1.343E-21
           5.853E-22 2.841E-22 1.551E-22 4.135E-23 5.539E-25 2.396E-24
jpna33 298 9.037E-19 1.780E-18 1.981E-18 2.493E-18 1.135E-18 5.708E-19
           4.434E-19 3.834E-19 5.600E-20 4.416E-20 2.916E-20 1.343E-21
           5.853E-22 2.841E-22 1.551E-22 4.135E-23 5.539E-25 2.396E-24
jpna67 297 1.807E-18 3.561E-18 4.079E-18 4.986E-18 3.610E-18 2.283E-18
           1.773E-18 1.459E-18 2.240E-19 1.766E-19 1.245E-19 2.551E-20
           1.112E-20 5.398E-21 2.947E-21 7.856E-22 1.052E-23 4.552E-23
jpna67 298 1.807E-18 3.561E-18 4.079E-18 4.986E-18 3.610E-18 2.283E-18
           1.773E-18 1.459E-18 2.240E-19 1.766E-19 1.245E-19 2.551E-20
           1.112E-20 5.398E-21 2.947E-21 7.856E-22 1.052E-23 4.552E-23
jn2o   200 1.065E-19 8.370E-20 6.860E-20 5.030E-20 2.101E-20 6.196E-21
           3.137E-21 2.461E-21 3.187E-25 1.033E-23 4.192E-23 0.000E+00
           0.000E+00 0.000E+00 0.000E+00 0.000E+00 0.000E+00 0.000E+00
jn2o   300 1.212E-19 9.913E-20 8.348E-20 6.438E-20 3.032E-20 1.110E-20
           6.355E-21 4.604E-21 1.450E-24 4.001E-23 1.193E-22 0.000E+00
           0.000E+00 0.000E+00 0.000E+00 0.000E+00 0.000E+00 0.000E+00
jh2o   260 1.617E-19 1.494E-20 2.673E-21 0.000E+00 0.000E+00 0.000E+00
           0.000E+00 0.000E+00 0.000E+00 0.000E+00 0.000E+00 0.000E+00
           0.000E+00 0.000E+00 0.000E+00 0.000E+00 0.000E+00 0.000E+00
jh2o   260 1.617E-19 1.494E-20 2.673E-21 0.000E+00 0.000E+00 0.000E+00
           0.000E+00 0.000E+00 0.000E+00 0.000E+00 0.000E+00 0.000E+00
           0.000E+00 0.000E+00 0.000E+00 0.000E+00 0.000E+00 0.000E+00
jch4   297 0.000E+00 0.000E+00 0.000E+00 0.000E+00 0.000E+00 0.000E+00
           0.000E+00 0.000E+00 0.000E+00 0.000E+00 0.000E+00 0.000E+00
           0.000E+00 0.000E+00 0.000E+00 0.000E+00 0.000E+00 0.000E+00
jch4   300 0.000E+00 0.000E+00 0.000E+00 0.000E+00 0.000E+00 0.000E+00
           0.000E+00 0.000E+00 0.000E+00 0.000E+00 0.000E+00 0.000E+00
           0.000E+00 0.000E+00 0.000E+00 0.000E+00 0.000E+00 0.000E+00
jco2   195 3.048E-22 6.187E-23 2.347E-23 2.801E-24 6.368E-27 0.000E+00
           0.000E+00 2.337E-25 0.000E+00 0.000E+00 0.000E+00 0.000E+00
           0.000E+00 0.000E+00 0.000E+00 0.000E+00 0.000E+00 0.000E+00
jco2   295 5.993E-22 1.281E-22 5.686E-23 1.423E-23 1.871E-24 0.000E+00
           0.000E+00 7.147E-25 0.000E+00 0.000E+00 0.000E+00 0.000E+00
           0.000E+00 0.000E+00 0.000E+00 0.000E+00 0.000E+00 0.000E+00
jh2o2  200 2.120E-19 4.214E-19 4.925E-19 5.431E-19 4.449E-19 3.760E-19
           3.459E-19 3.196E-19 5.333E-20 4.860E-20 3.421E-20 8.360E-21
           5.008E-21 3.220E-21 2.115E-21 7.984E-22 2.101E-23 0.000E+00
jh2o2  300 2.046E-19 4.066E-19 4.752E-19 5.241E-19 4.293E-19 3.628E-19
           3.338E-19 3.083E-19 5.466E-20 4.902E-20 3.437E-20 9.300E-21
           5.735E-21 3.803E-21 2.583E-21 1.046E-21 2.715E-23 0.000E+00
jhchoa 223 0.000E+00 0.000E+00 0.000E+00 0.000E+00 0.000E+00 0.000E+00
           0.000E+00 0.000E+00 0.000E+00 0.000E+00 0.000E+00 0.000E+00
           1.945E-20 1.289E-20 1.969E-20 4.324E-21 5.105E-26 0.000E+00
jhchoa 293 0.000E+00 0.000E+00 0.000E+00 0.000E+00 0.000E+00 0.000E+00
           0.000E+00 0.000E+00 0.000E+00 0.000E+00 0.000E+00 0.000E+00
           1.850E-20 1.317E-20 1.895E-20 3.922E-21 4.467E-26 0.000E+00
jhchob 223 0.000E+00 0.000E+00 0.000E+00 0.000E+00 0.000E+00 0.000E+00
           0.000E+00 0.000E+00 0.000E+00 0.000E+00 0.000E+00 0.000E+00
           6.397E-21 4.443E-21 9.027E-21 1.040E-20 1.960E-22 0.000E+00
jhchob 293 0.000E+00 0.000E+00 0.000E+00 0.000E+00 0.000E+00 0.000E+00
           0.000E+00 0.000E+00 0.000E+00 0.000E+00 0.000E+00 0.000E+00
           6.086E-21 4.543E-21 8.717E-21 9.424E-21 1.903E-22 0.000E+00
jmhp   297 0.000E+00 0.000E+00 0.000E+00 0.000E+00 0.000E+00 0.000E+00
           2.519E-19 2.250E-19 2.717E-20 2.738E-20 2.140E-20 5.623E-21
           3.520E-21 2.403E-21 1.697E-21 7.230E-22 4.954E-23 0.000E+00
jmhp   298 0.000E+00 0.000E+00 0.000E+00 0.000E+00 0.000E+00 0.000E+00
           2.519E-19 2.250E-19 2.717E-20 2.738E-20 2.140E-20 5.623E-21
           3.520E-21 2.403E-21 1.697E-21 7.230E-22 4.954E-23 0.000E+00
jaceta 297 0.000E+00 0.000E+00 0.000E+00 0.000E+00 0.000E+00 0.000E+00
           0.000E+00 0.000E+00 9.347E-21 1.906E-20 1.892E-20 1.622E-20
           7.979E-21 2.844E-21 6.985E-22 1.460E-21 0.000E+00 0.000E+00
jaceta 298 0.000E+00 0.000E+00 0.000E+00 0.000E+00 0.000E+00 0.000E+00
           0.000E+00 0.000E+00 9.347E-21 1.906E-20 1.892E-20 1.622E-20
           7.979E-21 2.844E-21 6.985E-22 1.460E-21 0.000E+00 0.000E+00
jacetb 297 0.000E+00 0.000E+00 0.000E+00 0.000E+00 0.000E+00 0.000E+00
           0.000E+00 0.000E+00 7.609E-21 2.223E-21 4.548E-22 7.388E-23
           0.000E+00 0.000E+00 0.000E+00 0.000E+00 0.000E+00 0.000E+00
jacetb 298 0.000E+00 0.000E+00 0.000E+00 0.000E+00 0.000E+00 0.000E+00
           0.000E+00 0.000E+00 7.609E-21 2.223E-21 4.548E-22 7.388E-23
           0.000E+00 0.000E+00 0.000E+00 0.000E+00 0.000E+00 0.000E+00
jetcho 297 0.000E+00 0.000E+00 2.124E-23 0.000E+00 3.576E-22 5.328E-22
           6.036E-22 6.848E-22 2.982E-20 4.517E-20 5.121E-20 5.548E-20
           4.630E-20 3.578E-20 2.441E-20 5.853E-21 1.257E-23 0.000E+00
jetcho 298 0.000E+00 0.000E+00 2.124E-23 0.000E+00 3.576E-22 5.328E-22
           6.036E-22 6.848E-22 2.982E-20 4.517E-20 5.121E-20 5.548E-20
           4.630E-20 3.578E-20 2.441E-20 5.853E-21 1.257E-23 0.000E+00
jmeco3h297 0.000E+00 0.000E+00 0.000E+00 0.000E+00 0.000E+00 0.000E+00
           3.081E-19 2.884E-19 1.889E-20 2.303E-20 2.078E-20 1.881E-21
           9.965E-22 5.856E-22 3.730E-22 1.005E-22 0.000E+00 0.000E+00
jmeco3h298 0.000E+00 0.000E+00 0.000E+00 0.000E+00 0.000E+00 0.000E+00
           3.081E-19 2.884E-19 1.889E-20 2.303E-20 2.078E-20 1.881E-21
           9.965E-22 5.856E-22 3.730E-22 1.005E-22 0.000E+00 0.000E+00
jhacet 297 0.000E+00 0.000E+00 0.000E+00 0.000E+00 0.000E+00 0.000E+00
           1.568E-20 4.917E-20 5.048E-20 5.682E-20 5.586E-20 4.843E-20
           6.567E-21 0.000E+00 0.000E+00 0.000E+00 0.000E+00 0.000E+00
jhacet 298 0.000E+00 0.000E+00 0.000E+00 0.000E+00 0.000E+00 0.000E+00
           1.568E-20 4.917E-20 5.048E-20 5.682E-20 5.586E-20 4.843E-20
           6.567E-21 0.000E+00 0.000E+00 0.000E+00 0.000E+00 0.000E+00
jmkal  297 0.000E+00 0.000E+00 0.000E+00 0.000E+00 0.000E+00 0.000E+00
           0.000E+00 0.000E+00 3.855E-20 4.257E-20 4.088E-20 3.833E-20
           2.746E-20 1.898E-20 1.327E-20 4.620E-21 2.741E-20 1.606E-21
jmkal  298 0.000E+00 0.000E+00 0.000E+00 0.000E+00 0.000E+00 0.000E+00
           0.000E+00 0.000E+00 3.855E-20 4.257E-20 4.088E-20 3.833E-20
           2.746E-20 1.898E-20 1.327E-20 4.620E-21 2.741E-20 1.606E-21
jmacr  200 0.000E+00 0.000E+00 0.000E+00 0.000E+00 0.000E+00 0.000E+00
           0.000E+00 0.000E+00 2.381E-23 7.612E-23 1.401E-22 2.111E-22
           3.153E-22 3.998E-22 4.744E-22 5.223E-22 1.060E-22 0.000E+00
jmacr  300 0.000E+00 0.000E+00 0.000E+00 0.000E+00 0.000E+00 0.000E+00
           0.000E+00 0.000E+00 2.381E-23 7.612E-23 1.401E-22 2.111E-22
           3.153E-22 3.998E-22 4.744E-22 5.223E-22 1.060E-22 0.000E+00
jmacro 290 0.000E+00 0.000E+00 0.000E+00 0.000E+00 0.000E+00 0.000E+00
           1.259E-19 1.125E-19 1.358E-20 1.369E-20 1.070E-20 2.812E-21
           1.760E-21 1.202E-21 8.485E-22 3.615E-22 2.477E-23 0.000E+00
jmacro 300 0.000E+00 0.000E+00 0.000E+00 0.000E+00 0.000E+00 0.000E+00
           1.259E-19 1.125E-19 1.358E-20 1.369E-20 1.070E-20 2.812E-21
           1.760E-21 1.202E-21 8.485E-22 3.615E-22 2.477E-23 0.000E+00
jmena  240 0.000E+00 0.000E+00 0.000E+00 0.000E+00 0.000E+00 0.000E+00
           0.000E+00 0.000E+00 2.337E-20 1.004E-20 6.638E-21 4.679E-21
           2.022E-21 9.381E-22 3.730E-22 3.755E-23 0.000E+00 0.000E+00
jmena  298 0.000E+00 0.000E+00 0.000E+00 0.000E+00 0.000E+00 0.000E+00
           0.000E+00 0.000E+00 2.788E-20 1.233E-20 8.359E-21 6.029E-21
           2.735E-21 1.346E-21 5.734E-22 6.957E-23 0.000E+00 0.000E+00
jpan   250 2.687E-19 7.661E-19 1.399E-18 2.529E-18 2.977E-18 2.201E-18
           1.765E-18 1.322E-18 6.565E-20 9.407E-20 8.486E-20 2.438E-21
           9.252E-22 4.355E-22 2.288E-22 5.480E-23 6.941E-25 0.000E+00
jpan   298 2.951E-19 8.392E-19 1.520E-18 2.757E-18 3.144E-18 2.279E-18
           1.834E-18 1.385E-18 7.911E-20 1.056E-19 9.185E-20 3.555E-21
           1.399E-21 6.750E-22 3.627E-22 9.257E-23 1.265E-24 0.000E+00
jiprn  230 9.864E-18 1.438E-17 1.497E-17 1.407E-17 9.941E-18 5.891E-18
           4.122E-18 2.886E-18 4.039E-20 9.835E-20 1.375E-19 6.128E-21
           1.901E-22 0.000E+00 0.000E+00 0.000E+00 0.000E+00 0.000E+00
jiprn  360 1.123E-17 1.637E-17 1.705E-17 1.603E-17 1.132E-17 6.709E-18
           4.694E-18 3.287E-18 5.501E-20 1.186E-19 1.616E-19 1.137E-20
           3.770E-22 0.000E+00 0.000E+00 0.000E+00 0.000E+00 0.000E+00
jmebr  210 1.088E-18 5.032E-19 5.880E-19 6.974E-19 7.649E-19 6.880E-19
           6.102E-19 5.213E-19 6.091E-21 3.141E-20 3.384E-20 0.000E+00
           0.000E+00 0.000E+00 0.000E+00 0.000E+00 0.000E+00 0.000E+00
jmebr  296 1.088E-18 5.032E-19 5.880E-19 6.974E-19 7.710E-19 7.004E-19
           6.238E-19 5.365E-19 7.709E-21 3.416E-20 3.537E-20 0.000E+00
           0.000E+00 0.000E+00 0.000E+00 0.000E+00 0.000E+00 0.000E+00
jbrcl  200 0.000E+00 0.000E+00 1.641E-21 1.368E-22 2.557E-20 4.263E-20
           4.930E-20 5.497E-20 2.287E-20 1.529E-20 7.582E-21 1.922E-21
           4.005E-21 9.379E-21 2.097E-20 1.100E-19 3.278E-19 1.973E-20
jbrcl  300 0.000E+00 0.000E+00 1.743E-21 1.475E-22 2.647E-20 4.239E-20
           4.800E-20 5.259E-20 2.424E-20 1.591E-20 8.649E-21 3.732E-21
           7.373E-21 1.518E-20 2.995E-20 1.219E-19 3.191E-19 2.037E-20
jbro   298 0.000E+00 0.000E+00 0.000E+00 0.000E+00 0.000E+00 0.000E+00
           0.000E+00 0.000E+00 0.000E+00 0.000E+00 1.127E-18 2.152E-18
           3.150E-18 4.248E-18 4.966E-18 5.721E-18 7.526E-19 0.000E+00
jbro   300 0.000E+00 0.000E+00 0.000E+00 0.000E+00 0.000E+00 0.000E+00
           0.000E+00 0.000E+00 0.000E+00 0.000E+00 1.127E-18 2.152E-18
           3.150E-18 4.248E-18 4.966E-18 5.721E-18 7.526E-19 0.000E+00
jhobr  200 0.000E+00 0.000E+00 0.000E+00 0.000E+00 0.000E+00 0.000E+00
           0.000E+00 0.000E+00 1.271E-19 2.011E-19 2.203E-19 2.196E-19
           1.726E-19 1.367E-19 1.157E-19 1.125E-19 6.196E-20 2.756E-21
jhobr  300 0.000E+00 0.000E+00 0.000E+00 0.000E+00 0.000E+00 0.000E+00
           0.000E+00 0.000E+00 1.271E-19 2.011E-19 2.203E-19 2.196E-19
           1.726E-19 1.367E-19 1.157E-19 1.125E-19 6.196E-20 2.756E-21
jbrna  210 0.000E+00 0.000E+00 2.457E-19 2.370E-20 2.965E-18 3.069E-18
           2.744E-18 2.525E-18 4.459E-19 5.080E-19 3.772E-19 1.677E-19
           1.355E-19 1.122E-19 9.529E-20 6.874E-20 2.884E-20 1.086E-21
jbrna  296 0.000E+00 0.000E+00 3.290E-19 3.227E-20 3.831E-18 3.560E-18
           2.944E-18 2.577E-18 4.693E-19 5.056E-19 3.825E-19 1.778E-19
           1.445E-19 1.208E-19 1.023E-19 7.328E-20 3.140E-20 1.217E-21
jbrnb  210 0.000E+00 0.000E+00 4.336E-20 4.182E-21 5.233E-19 5.415E-19
           4.842E-19 4.456E-19 7.869E-20 8.964E-20 6.656E-20 2.960E-20
           2.392E-20 1.980E-20 1.682E-20 1.213E-20 5.089E-21 1.917E-22
jbrnb  296 0.000E+00 0.000E+00 5.806E-20 5.694E-21 6.760E-19 6.283E-19
           5.194E-19 4.547E-19 8.281E-20 8.922E-20 6.750E-20 3.137E-20
           2.549E-20 2.131E-20 1.806E-20 1.293E-20 5.541E-21 2.147E-22
jchbr3 210 5.582E-18 4.311E-18 4.041E-18 3.938E-18 4.623E-18 4.751E-18
           5.084E-18 5.538E-18 7.770E-19 9.248E-19 5.607E-19 7.371E-21
           1.884E-21 5.808E-22 2.106E-22 2.441E-23 2.035E-25 0.000E+00
jchrb3 296 5.645E-18 4.311E-18 3.957E-18 3.752E-18 4.281E-18 4.543E-18
           4.825E-18 5.242E-18 8.941E-19 9.054E-19 5.341E-19 1.628E-20
           4.870E-21 1.707E-21 7.074E-22 9.311E-23 9.691E-25 0.000E+00
jdbrm  210 1.959E-18 1.953E-18 2.050E-18 2.218E-18 2.152E-18 2.272E-18
           2.588E-18 3.086E-18 1.541E-19 4.674E-19 3.038E-19 7.403E-23
           4.852E-24 0.000E+00 0.000E+00 0.000E+00 0.000E+00 0.000E+00
jdbrm  298 1.985E-18 1.979E-18 2.078E-18 2.248E-18 2.209E-18 2.274E-18
           2.409E-18 2.573E-18 1.722E-19 3.733E-19 2.365E-19 2.590E-22
           2.022E-23 0.000E+00 0.000E+00 0.000E+00 0.000E+00 0.000E+00
jbcm   290 6.191E-19 9.727E-19 1.131E-18 1.129E-18 1.239E-18 1.153E-18
           1.034E-18 9.013E-19 2.611E-20 6.932E-20 6.152E-20 0.000E+00
           0.000E+00 0.000E+00 0.000E+00 0.000E+00 0.000E+00 0.000E+00
jbcm   300 6.191E-19 9.727E-19 1.131E-18 1.129E-18 1.239E-18 1.153E-18
           1.034E-18 9.013E-19 2.611E-20 6.932E-20 6.152E-20 0.000E+00
           0.000E+00 0.000E+00 0.000E+00 0.000E+00 0.000E+00 0.000E+00
jb2cm  290 0.000E+00 0.000E+00 1.734E-19 1.533E-20 2.446E-18 3.234E-18
           3.058E-18 2.752E-18 3.361E-19 3.072E-19 2.150E-19 7.590E-21
           2.437E-21 4.162E-22 0.000E+00 0.000E+00 0.000E+00 0.000E+00
jb2cm  300 0.000E+00 0.000E+00 1.734E-19 1.533E-20 2.446E-18 3.234E-18
           3.058E-18 2.752E-18 3.361E-19 3.072E-19 2.150E-19 7.590E-21
           2.437E-21 4.162E-22 0.000E+00 0.000E+00 0.000E+00 0.000E+001
jbc2m  290 0.000E+00 0.000E+00 6.163E-20 6.420E-21 6.885E-19 6.963E-19
           6.862E-19 6.923E-19 1.026E-19 1.132E-19 6.606E-20 2.535E-21
           1.080E-21 4.994E-22 2.466E-22 0.000E+00 0.000E+00 0.000E+00
jbc2m  300 0.000E+00 0.000E+00 6.163E-20 6.420E-21 6.885E-19 6.963E-19
           6.862E-19 6.923E-19 1.026E-19 1.132E-19 6.606E-20 2.535E-21
           1.080E-21 4.994E-22 2.466E-22 0.000E+00 0.000E+00 0.000E+00
jc2h5br290 0.000E+00 0.000E+00 3.676E-20 3.405E-21 4.782E-19 5.618E-19
           5.195E-19 4.603E-19 7.857E-21 3.393E-20 3.227E-20 0.000E+00
           0.000E+00 0.000E+00 0.000E+00 0.000E+00 0.000E+00 0.000E+00
jc2h5br300 0.000E+00 0.000E+00 3.676E-20 3.405E-21 4.782E-19 5.618E-19
           5.195E-19 4.603E-19 7.857E-21 3.393E-20 3.227E-20 0.000E+00
           0.000E+00 0.000E+00 0.000E+00 0.000E+00 0.000E+00 0.000E+00
jcfcl3 210 2.235E-18 1.654E-18 1.341E-18 9.895E-19 4.775E-19 1.726E-19
           9.677E-20 6.948E-20 3.726E-23 5.742E-22 1.696E-21 0.000E+00
           0.000E+00 0.000E+00 0.000E+00 0.000E+00 0.000E+00 0.000E+00
jcfcl3 298 2.235E-18 1.654E-18 1.341E-18 9.895E-19 4.896E-19 2.040E-19
           1.270E-19 9.334E-20 9.773E-23 1.292E-21 2.965E-21 0.000E+00
           0.000E+00 0.000E+00 0.000E+00 0.000E+00 0.000E+00 0.000E+00
jcfc2  210 9.761E-19 5.212E-19 3.336E-19 1.523E-19 3.679E-20 5.682E-21
           2.471E-21 5.890E-21 1.860E-25 6.426E-24 2.757E-23 0.000E+00
           0.000E+00 0.000E+00 0.000E+00 0.000E+00 0.000E+00 0.000E+00
jcfc2  298 1.011E-18 5.853E-19 4.027E-19 2.183E-19 6.318E-20 1.272E-20
           5.987E-21 8.765E-21 8.059E-25 2.473E-23 8.297E-23 0.000E+00
           0.000E+00 0.000E+00 0.000E+00 0.000E+00 0.000E+00 0.000E+00
jhcl   290 2.874E-19 1.423E-19 9.515E-20 5.356E-20 1.864E-20 5.251E-21
           2.650E-21 2.735E-21 0.000E+00 1.349E-23 4.379E-23 0.000E+00
           0.000E+00 0.000E+00 0.000E+00 0.000E+00 0.000E+00 0.000E+00
jhcl   300 2.874E-19 1.423E-19 9.515E-20 5.356E-20 1.864E-20 5.251E-21
           2.650E-21 2.735E-21 0.000E+00 1.349E-23 4.379E-23 0.000E+00
           0.000E+00 0.000E+00 0.000E+00 0.000E+00 0.000E+00 0.000E+00
jhocl  290 0.000E+00 0.000E+00 6.359E-21 5.548E-21 5.134E-20 5.423E-20
           5.793E-20 6.707E-20 1.023E-19 6.429E-20 5.412E-20 5.574E-20
           6.067E-20 5.955E-20 5.379E-20 3.130E-20 6.501E-21 1.218E-23
jhocl  300 0.000E+00 0.000E+00 6.359E-21 5.548E-21 5.134E-20 5.423E-20
           5.793E-20 6.707E-20 1.023E-19 6.429E-20 5.412E-20 5.574E-20
           6.067E-20 5.955E-20 5.379E-20 3.130E-20 6.501E-21 1.218E-23
jcl2o2 210 0.000E+00 0.000E+00 1.962E-19 1.889E-20 2.352E-18 2.407E-18
           2.118E-18 1.886E-18 3.251E-18 1.576E-18 9.884E-19 6.944E-19
           4.575E-19 3.299E-19 2.580E-19 1.458E-19 3.070E-20 4.393E-22
jcl2o2 230 0.000E+00 0.000E+00 1.962E-19 1.889E-20 2.352E-18 2.407E-18
           2.118E-18 1.886E-18 3.251E-18 1.576E-18 9.884E-19 6.944E-19
           4.575E-19 3.299E-19 2.580E-19 1.458E-19 3.070E-20 4.393E-22
joclo  290 0.000E+00 0.000E+00 0.000E+00 0.000E+00 0.000E+00 0.000E+00
           0.000E+00 0.000E+00 3.577E-19 5.652E-19 8.764E-19 1.209E-18
           1.847E-18 2.567E-18 2.532E-18 4.242E-18 3.247E-18 4.042E-20
joclo  300 0.000E+00 0.000E+00 0.000E+00 0.000E+00 0.000E+00 0.000E+00
           0.000E+00 0.000E+00 3.577E-19 5.652E-19 8.764E-19 1.209E-18
           1.847E-18 2.567E-18 2.532E-18 4.242E-18 3.247E-18 4.042E-20
jclna  210 0.000E+00 3.623E-20 2.650E-19 3.793E-19 1.490E-18 1.791E-18
           1.937E-18 2.025E-18 1.994E-19 2.840E-19 2.065E-19 2.106E-20
           1.124E-20 6.886E-21 4.717E-21 2.353E-21 9.477E-22 6.645E-24
jclna  296 0.000E+00 3.854E-20 2.805E-19 4.029E-19 1.550E-18 1.810E-18
           1.934E-18 2.009E-18 2.308E-19 3.029E-19 2.138E-19 2.753E-20
           1.540E-20 9.844E-21 6.942E-21 3.327E-21 1.167E-21 9.258E-24
jclnb  210 0.000E+00 2.415E-20 1.767E-19 2.529E-19 9.934E-19 1.194E-18
           1.291E-18 1.350E-18 1.330E-19 1.894E-19 1.377E-19 1.404E-20
           7.494E-21 4.331E-21 2.451E-21 7.171E-22 2.648E-23 0.000E+00
jclnb  296 0.000E+00 2.570E-20 1.870E-19 2.686E-19 1.033E-18 1.206E-18
           1.289E-18 1.339E-18 1.539E-19 2.019E-19 1.425E-19 1.835E-20
           1.027E-20 6.189E-21 3.605E-21 1.028E-21 3.273E-23 0.000E+00
jccl4  210 3.700E-18 1.712E-18 1.123E-18 7.233E-19 6.126E-19 4.759E-19
           3.782E-19 2.865E-19 6.520E-22 7.169E-21 1.329E-20 0.000E+00
           0.000E+00 0.000E+00 0.000E+00 0.000E+00 0.000E+00 0.000E+00
jccl4  298 3.700E-18 1.712E-18 1.124E-18 7.237E-19 6.261E-19 5.193E-19
           4.361E-19 3.497E-19 1.542E-21 1.199E-20 1.823E-20 0.000E+00
           0.000E+00 0.000E+00 0.000E+00 0.000E+00 0.000E+00 0.000E+00
j113   210 9.497E-19 5.917E-19 4.254E-19 2.482E-19 7.456E-20 1.707E-20
           8.903E-21 1.083E-20 3.433E-24 5.693E-23 1.547E-22 0.000E+00
           0.000E+00 0.000E+00 0.000E+00 0.000E+00 0.000E+00 0.000E+00
j113  x295 9.511E-19 5.959E-19 4.337E-19 2.628E-19 9.316E-20 2.669E-20
           1.447E-20 1.388E-20 6.622E-24 1.039E-22 2.672E-22 0.000E+00
           0.000E+00 0.000E+00 0.000E+00 0.000E+00 0.000E+00 0.000E+00
jh22   210 7.857E-21 2.827E-21 1.572E-21 6.839E-22 1.939E-22 6.158E-23
           3.485E-23 4.083E-23 0.000E+00 0.000E+00 5.730E-25 0.000E+00
           0.000E+00 0.000E+00 0.000E+00 0.000E+00 0.000E+00 0.000E+00
jh22   300 7.535E-21 2.785E-21 1.598E-21 7.494E-22 2.358E-22 6.158E-23
           3.485E-23 4.116E-23 0.000E+00 0.000E+00 5.730E-25 0.000E+00
           0.000E+00 0.000E+00 0.000E+00 0.000E+00 0.000E+00 0.000E+00
j1211  210 5.082E-19 5.787E-19 7.155E-19 8.632E-19 1.346E-18 1.419E-18
           1.345E-18 1.221E-18 3.180E-20 9.793E-20 8.794E-20 2.197E-23
           1.210E-23 8.260E-24 2.855E-24 0.000E+00 0.000E+00 0.000E+00
j1211  300 5.082E-19 5.782E-19 6.963E-19 8.437E-19 1.169E-18 1.195E-18
           1.132E-18 1.035E-18 3.835E-20 9.072E-20 7.614E-20 1.143E-22
           2.681E-23 8.260E-24 2.855E-24 0.000E+00 0.000E+00 0.000E+00
j1301  210 6.538E-20 9.080E-20 1.054E-19 1.226E-19 1.470E-19 1.471E-19
           1.350E-19 1.169E-19 7.717E-22 6.064E-21 7.453E-21 3.831E-25
           2.226E-26 0.000E+00 0.000E+00 0.000E+00 0.000E+00 0.000E+00
j1301  300 5.654E-20 7.667E-20 8.823E-20 1.016E-19 1.232E-19 1.286E-19
           1.227E-19 1.117E-19 1.625E-21 7.898E-21 7.850E-21 3.831E-25
           2.226E-26 0.000E+00 0.000E+00 0.000E+00 0.000E+00 0.000E+00
jdbm   210 1.959E-18 1.953E-18 2.050E-18 2.218E-18 2.152E-18 2.272E-18
           2.588E-18 3.086E-18 1.541E-19 4.674E-19 3.038E-19 7.403E-23
           4.852E-24 0.000E+00 0.000E+00 0.000E+00 0.000E+00 0.000E+00
jdbm   298 1.985E-18 1.979E-18 2.078E-18 2.248E-18 2.209E-18 2.274E-18
           2.409E-18 2.573E-18 1.722E-19 3.733E-19 2.365E-19 2.590E-22
           2.022E-23 0.000E+00 0.000E+00 0.000E+00 0.000E+00 0.000E+00
jchbr3 210 5.582E-18 4.311E-18 4.041E-18 3.938E-18 4.623E-18 4.751E-18
           5.084E-18 5.538E-18 7.770E-19 9.248E-19 5.607E-19 7.371E-21
           1.884E-21 5.808E-22 2.106E-22 2.441E-23 2.035E-25 0.000E+00
jchbr3 296 5.645E-18 4.311E-18 3.957E-18 3.752E-18 4.281E-18 4.543E-18
           4.825E-18 5.242E-18 8.941E-19 9.054E-19 5.341E-19 1.628E-20
           4.870E-21 1.707E-21 7.074E-22 9.311E-23 9.691E-25 0.000E+00
jmecl  210 2.749E-19 1.274E-19 7.985E-20 3.892E-20 1.091E-20 2.113E-21
           9.917E-22 1.608E-21 2.124E-25 9.201E-24 2.323E-23 0.000E+00
           0.000E+00 0.000E+00 0.000E+00 0.000E+00 0.000E+00 0.000E+00
jmecl  300 2.753E-19 1.272E-19 8.028E-20 4.068E-20 1.272E-20 3.131E-21
           1.645E-21 1.994E-21 2.124E-25 9.201E-24 2.805E-23 0.000E+00
           0.000E+00 0.000E+00 0.000E+00 0.000E+00 0.000E+00 0.000E+00
jmcfm  210 2.725E-18 2.040E-18 1.706E-18 1.355E-18 7.314E-19 3.308E-19
           2.051E-19 1.442E-19 9.195E-23 1.653E-21 4.585E-21 0.000E+00
           0.000E+00 0.000E+00 0.000E+00 0.000E+00 0.000E+00 0.000E+00
jmcfm  300 2.447E-18 1.737E-18 1.436E-18 1.134E-18 6.173E-19 2.921E-19
           1.896E-19 1.384E-19 2.083E-22 2.437E-21 5.076E-21 0.000E+00
           0.000E+00 0.000E+00 0.000E+00 0.000E+00 0.000E+00 0.000E+00
jcos   225 2.886E-20 2.996E-20 2.915E-20 2.338E-20 6.033E-20 1.226E-19
           1.688E-19 2.184E-19 1.003E-20 4.131E-20 2.415E-20 9.441E-25
           0.000E+00 0.000E+00 0.000E+00 0.000E+00 0.000E+00 0.000E+00
jcos  x295 4.075E-20 4.032E-20 3.634E-20 2.433E-20 5.993E-20 1.216E-19
           1.685E-19 2.189E-19 1.389E-20 4.620E-20 2.468E-20 3.027E-24
           0.000E+00 0.000E+00 0.000E+00 0.000E+00 0.000E+00 0.000E+00
jcs2   210 0.000E+00 0.000E+00 0.000E+00 0.000E+00 0.000E+00 0.000E+00
           0.000E+00 0.000E+00 3.561E-24 7.627E-22 3.809E-21 1.164E-20
           3.577E-20 6.548E-20 7.972E-20 2.348E-20 3.561E-22 0.000E+00
jcs2   300 0.000E+00 0.000E+00 0.000E+00 0.000E+00 0.000E+00 0.000E+00
           0.000E+00 0.000E+00 3.561E-24 7.627E-22 3.809E-21 1.164E-20
           3.577E-20 6.548E-20 7.972E-20 2.348E-20 3.561E-22 0.000E+00
jh2so4 297 0.000E+00 0.000E+00 0.000E+00 0.000E+00 0.000E+00 0.000E+00
           0.000E+00 0.000E+00 0.000E+00 0.000E+00 0.000E+00 0.000E+00
           0.000E+00 0.000E+00 0.000E+00 0.000E+00 0.000E+00 0.000E+00
jh2so4 300 0.000E+00 0.000E+00 0.000E+00 0.000E+00 0.000E+00 0.000E+00
           0.000E+00 0.000E+00 0.000E+00 0.000E+00 0.000E+00 0.000E+00
           0.000E+00 0.000E+00 0.000E+00 0.000E+00 0.000E+00 0.000E+00
jso3   200 8.427E-19 8.701E-19 8.269E-19 7.897E-19 6.743E-19 5.202E-19
           4.279E-19 3.426E-19 1.095E-20 1.843E-20 2.017E-20 6.461E-22
           3.364E-22 1.921E-22 1.148E-22 1.920E-23 0.000E+00 0.000E+00
jso3   300 8.427E-19 8.701E-19 8.269E-19 7.897E-19 6.743E-19 5.202E-19
           4.279E-19 3.426E-19 1.095E-20 1.843E-20 2.017E-20 6.461E-22
           3.364E-22 1.921E-22 1.148E-22 1.920E-23 0.000E+00 0.000E+00
jforma 223 0.000E+00 0.000E+00 0.000E+00 0.000E+00 0.000E+00 0.000E+00
           0.000E+00 0.000E+00 3.143E-21 1.021E-20 1.269E-20 2.323E-20
           2.498E-20 1.133E-20 2.183E-20 4.746E-21 0.000E+00 0.000E+00
jforma 298 0.000E+00 0.000E+00 0.000E+00 0.000E+00 0.000E+00 0.000E+00
           0.000E+00 0.000E+00 3.147E-21 1.018E-20 1.266E-20 2.315E-20
           2.497E-20 1.131E-20 2.189E-20 4.751E-21 0.000E+00 0.000E+00
jformb 223 0.000E+00 0.000E+00 0.000E+00 0.000E+00 0.000E+00 0.000E+00
           0.000E+00 0.000E+00 3.642E-21 5.787E-21 5.316E-21 8.181E-21
           7.917E-21 4.011E-21 1.081E-20 1.082E-20 2.088E-22 0.000E+00
jformb 298 0.000E+00 0.000E+00 0.000E+00 0.000E+00 0.000E+00 0.000E+00
           0.000E+00 0.000E+00 3.649E-21 5.768E-21 5.305E-21 8.154E-21
           7.914E-21 4.002E-21 1.085E-20 1.085E-20 2.081E-22 0.000E+00
jprpal 297 0.000E+00 0.000E+00 1.797E-23 0.000E+00 3.430E-22 5.337E-22
           6.041E-22 6.842E-22 2.988E-20 4.520E-20 5.122E-20 5.545E-20
           4.628E-20 3.576E-20 2.436E-20 5.836E-21 1.246E-23 0.000E+00
jprpal 298 0.000E+00 0.000E+00 1.797E-23 0.000E+00 3.430E-22 5.337E-22
           6.041E-22 6.842E-22 2.988E-20 4.520E-20 5.122E-20 5.545E-20
           4.628E-20 3.576E-20 2.436E-20 5.836E-21 1.246E-23 0.000E+00
jmacr2 200 0.000E+00 0.000E+00 0.000E+00 0.000E+00 0.000E+00 0.000E+00
           0.000E+00 0.000E+00 9.450E-24 2.852E-23 5.252E-23 7.912E-23
           1.182E-22 1.500E-22 1.779E-22 1.959E-22 3.982E-23 0.000E+00
jmacr2 298 0.000E+00 0.000E+00 0.000E+00 0.000E+00 0.000E+00 0.000E+00
           0.000E+00 0.000E+00 9.450E-24 2.852E-23 5.252E-23 7.912E-23
           1.182E-22 1.500E-22 1.779E-22 1.959E-22 3.982E-23 0.000E+00
jcb3a  297 0.000E+00 0.000E+00 0.000E+00 0.000E+00 0.000E+00 0.000E+00
           0.000E+00 0.000E+00 2.968E-21 1.178E-20 1.500E-20 1.704E-20
           1.636E-20 1.462E-20 1.148E-20 4.054E-21 2.775E-22 1.053E-24
jcb3a  298 0.000E+00 0.000E+00 0.000E+00 0.000E+00 0.000E+00 0.000E+00
           0.000E+00 0.000E+00 2.968E-21 1.178E-20 1.500E-20 1.704E-20
           1.636E-20 1.462E-20 1.148E-20 4.054E-21 2.775E-22 1.053E-24
jcb3b  297 0.000E+00 0.000E+00 0.000E+00 0.000E+00 0.000E+00 0.000E+00
           0.000E+00 0.000E+00 3.378E-21 1.177E-20 1.388E-20 1.453E-20
           1.224E-20 9.558E-21 6.758E-21 2.443E-21 7.973E-23 0.000E+00
jcb3b  298 0.000E+00 0.000E+00 0.000E+00 0.000E+00 0.000E+00 0.000E+00
           0.000E+00 0.000E+00 3.378E-21 1.177E-20 1.388E-20 1.453E-20
           1.224E-20 9.558E-21 6.758E-21 2.443E-21 7.973E-23 0.000E+00
jcb3c  297 0.000E+00 0.000E+00 0.000E+00 0.000E+00 0.000E+00 0.000E+00
           0.000E+00 0.000E+00 1.173E-21 4.354E-21 5.353E-21 6.331E-21
           7.090E-21 7.781E-21 7.452E-21 4.214E-21 2.864E-21 2.275E-23
jcb3c  298 0.000E+00 0.000E+00 0.000E+00 0.000E+00 0.000E+00 0.000E+00
           0.000E+00 0.000E+00 1.173E-21 4.354E-21 5.353E-21 6.331E-21
           7.090E-21 7.781E-21 7.452E-21 4.214E-21 2.864E-21 2.275E-23
jaceto 220 0.000E+00 0.000E+00 0.000E+00 0.000E+00 0.000E+00 0.000E+00
           0.000E+00 0.000E+00 3.819E-20 3.809E-20 3.492E-20 3.100E-20
           1.944E-20 1.088E-20 5.532E-21 4.637E-22 3.425E-25 0.000E+00
jaceto 300 0.000E+00 0.000E+00 0.000E+00 0.000E+00 0.000E+00 0.000E+00
           0.000E+00 0.000E+00 3.851E-20 4.004E-20 3.775E-20 3.439E-20
           2.255E-20 1.356E-20 7.273E-21 8.481E-22 6.682E-25 0.000E+00
Q2-Ac  240 3.000E-02 3.000E-02 3.000E-02 3.000E-02 3.000E-02 3.000E-02
           3.000E-02 3.000E-02 3.000E-02 2.380E-02 1.144E-02 5.156E-03
           1.931E-03 8.022E-04 4.144E-04 4.156E-05 0.000E+00 0.000E+00
Q2-Ac  300 2.000E-01 2.000E-01 2.000E-01 2.000E-01 2.000E-01 2.000E-01
           2.000E-01 2.000E-01 2.000E-01 1.790E-01 1.250E-01 8.564E-02
           5.100E-02 3.298E-02 2.214E-02 3.533E-03 0.000E+00 0.000E+00
Q1A-Ac 240 1.000E+00 1.000E+00 1.000E+00 1.000E+00 1.000E+00 1.000E+00
           1.000E+00 1.000E+00 1.000E+00 1.000E+00 1.000E+00 1.000E+00
           1.207E+00 4.133E+00 2.498E+01 9.452E+01 1.000E+02 1.000E+02
Q1A-Ac 300 1.000E+00 1.000E+00 1.000E+00 1.000E+00 1.000E+00 1.000E+00
           1.000E+00 1.000E+00 1.000E+00 1.000E+00 1.000E+00 1.006E+00
           1.223E+00 2.411E+00 6.656E+00 1.969E+01 2.100E+01 2.100E+01
Q1B-Ac 240 0.000E+00 0.000E+00 0.000E+00 0.000E+00 0.000E+00 0.000E+00
           0.000E+00 0.000E+00 0.000E+00 2.447E-02 1.841E-01 1.028E+00
           1.066E+01 5.202E+01 2.632E+02 2.760E+03 3.210E+03 3.210E+03
Q1B-Ac 300 0.000E+00 0.000E+00 0.000E+00 0.000E+00 0.000E+00 0.000E+00
           0.000E+00 0.000E+00 0.000E+00 4.987E-02 2.454E-01 8.792E-01
           4.897E+00 1.617E+01 5.268E+01 3.023E+02 3.420E+02 3.420E+02
